1000
83 27 46
17 43 82
89 48 39
26 26 94
66 17 16
32 10 75
55 58 79
83 53 23
8 58 1
43 41 16
67 10 77
9 77 77
87 12 14
34 38 11
75 93 5
8 20 80
44 62 13
3 19 75
97 7 12
98 28 93
97 40 88
93 62 100
69 25 52
87 20 40
96 55 72
36 17 39
2 21 41
23 58 58
72 83 63
40 5 31
69 82 83
33 29 79
23 35 44
1 28 70
64 38 29
31 47 82
1 42 57
13 28 46
97 16 13
15 29 66
18 95 60
16 20 13
84 79 64
27 23 13
73 91 41
98 57 37
29 21 13
56 84 29
44 27 57
3 89 85
50 22 86
50 27 13
75 97 59
77 75 53
8 88 1
25 93 2
26 20 90
25 2 9
96 23 79
75 23 60
63 38 11
48 46 58
7 13 96
52 68 7
30 61 23
82 28 71
22 2 57
9 100 8
51 32 31
12 65 66
46 25 23
52 37 89
1 45 6
100 55 38
93 94 28
31 11 98
37 87 8
73 43 35
75 71 84
6 68 91
93 40 71
10 5 43
48 21 33
97 58 73
91 2 11
50 95 41
77 46 25
56 56 52
98 69 74
24 8 15
74 29 63
1 95 53
67 43 16
67 45 63
52 33 14
12 72 15
46 71 15
47 32 85
99 92 73
32 71 93
4 64 27
0 34 29
79 29 41
63 74 95
20 28 98
54 53 91
37 33 85
93 68 55
85 96 27
38 31 43
100 61 33
67 56 15
70 42 40
83 81 21
3 96 47
37 62 67
96 67 6
34 59 57
49 2 81
20 98 70
41 32 82
4 47 5
50 42 68
23 36 86
64 76 28
5 36 8
82 55 91
18 69 54
10 34 82
93 62 88
16 35 59
3 31 48
41 85 26
100 54 94
62 17 79
79 67 41
69 44 38
42 58 87
12 88 91
37 54 52
12 24 3
91 48 60
50 20 90
44 95 98
52 72 19
22 20 89
6 57 10
98 22 42
41 85 37
55 82 52
41 54 55
0 39 48
84 38 75
1 23 28
84 48 1
63 43 23
25 17 18
13 62 69
55 12 25
58 36 22
81 58 33
16 43 68
27 97 67
59 30 79
100 70 91
0 99 43
54 28 35
86 15 32
58 85 42
68 63 40
38 42 11
100 23 20
53 52 65
98 29 77
65 83 43
10 38 38
38 27 52
30 17 52
43 47 33
6 37 12
37 73 10
97 81 53
15 14 85
57 75 18
82 89 7
87 28 17
15 19 12
78 13 34
23 79 47
28 14 70
61 85 22
78 23 25
4 90 64
100 35 40
38 20 36
95 33 26
1 7 59
8 61 3
49 47 74
74 92 31
22 34 52
47 52 75
20 60 5
14 10 10
100 60 84
83 39 80
10 22 55
85 74 65
4 87 25
75 69 6
34 68 35
83 41 63
20 62 88
91 74 34
30 57 67
84 95 42
81 53 85
34 26 6
6 97 77
57 71 100
68 45 5
2 20 12
94 13 95
89 80 48
60 57 42
54 18 72
8 34 45
99 95 91
39 42 75
48 77 79
52 29 5
81 40 43
99 62 71
36 69 53
28 95 98
61 30 32
99 35 58
54 99 95
66 43 12
7 56 41
63 4 15
55 55 17
7 33 36
87 57 12
70 35 42
89 8 11
78 53 78
13 99 9
53 90 67
16 97 9
75 83 75
30 5 25
48 69 67
27 63 72
93 92 92
33 44 96
61 87 41
92 100 81
91 63 31
31 90 6
12 55 55
54 72 3
54 28 31
90 77 46
100 6 94
86 98 75
20 41 6
17 55 29
75 63 74
17 89 70
75 97 39
80 46 30
85 73 67
20 46 23
32 46 61
20 94 40
24 1 68
59 89 41
47 1 94
60 29 94
36 61 83
94 29 61
92 55 47
79 37 2
73 29 39
74 32 16
37 26 33
68 85 59
16 12 2
61 89 91
10 9 17
100 76 79
59 60 85
98 6 75
54 12 86
42 62 90
5 95 26
78 21 43
28 9 52
1 94 5
60 83 20
38 13 25
57 28 81
68 88 5
47 66 45
57 38 52
0 92 67
13 82 4
49 22 17
34 98 65
73 41 26
85 9 98
40 79 88
10 33 33
73 60 73
8 7 32
95 92 84
82 42 37
34 78 66
9 10 84
64 16 62
41 67 73
3 75 98
68 55 29
19 87 86
44 4 23
81 3 94
16 48 34
23 34 79
5 92 68
77 97 48
87 66 72
65 81 74
72 9 77
44 26 6
50 66 61
5 47 9
52 68 11
87 40 57
20 11 46
47 74 14
18 75 8
12 9 17
34 29 29
25 12 74
61 18 70
28 37 95
22 14 70
31 9 89
11 45 87
64 82 82
51 52 94
10 22 75
3 83 27
37 2 41
6 74 68
55 36 81
74 27 60
62 46 8
34 10 100
59 19 85
99 91 5
17 73 94
43 54 4
16 53 10
70 44 46
33 36 11
17 75 28
93 37 34
77 28 9
28 74 83
56 30 6
16 86 46
69 11 77
4 45 66
35 99 22
0 27 62
56 65 95
57 52 31
70 15 34
26 54 1
30 74 67
22 75 38
32 74 85
61 53 3
70 91 100
13 55 55
1 73 59
34 66 96
48 39 20
10 28 72
12 39 71
31 30 58
36 54 38
53 3 4
19 53 6
25 85 66
75 46 17
20 71 63
53 5 47
96 33 27
52 22 97
77 75 10
86 92 88
42 35 78
72 36 27
55 94 47
74 77 38
77 31 9
61 65 100
7 62 58
28 58 46
54 8 62
23 68 11
84 79 48
45 54 78
77 83 32
60 81 83
42 91 58
64 81 11
31 83 25
44 33 42
21 84 62
49 97 30
4 86 31
9 76 39
78 56 13
88 58 41
7 29 92
33 58 9
25 61 69
95 82 27
35 72 76
57 10 21
99 60 89
61 9 64
78 100 69
87 78 17
77 18 99
53 92 12
30 29 57
59 96 91
72 17 12
31 15 100
32 38 20
7 83 47
41 20 71
47 53 21
10 86 69
99 26 64
41 48 10
92 82 14
93 28 75
56 91 37
22 4 96
67 48 15
14 78 60
30 64 56
75 55 81
58 16 65
10 55 27
53 6 61
88 93 40
36 93 63
76 47 70
61 95 87
97 10 91
77 41 62
84 69 3
86 14 22
21 61 42
35 8 16
35 71 80
63 53 74
97 76 47
3 53 40
3 40 45
40 67 34
2 47 93
1 13 64
53 48 15
7 95 21
6 26 84
42 25 39
83 21 71
84 98 55
80 94 17
98 85 38
44 88 41
38 3 52
23 5 33
91 83 54
82 47 30
31 9 97
80 66 44
52 96 17
34 85 73
66 69 9
29 16 45
80 22 42
64 25 83
98 41 60
79 6 20
82 86 16
85 93 63
22 84 76
71 35 27
94 30 67
57 48 78
99 77 4
69 3 81
16 15 64
56 83 72
32 14 83
0 55 55
87 22 56
85 2 99
42 65 78
18 61 15
97 24 78
41 97 37
60 81 24
86 82 81
12 71 89
48 86 21
50 45 96
36 86 34
24 66 29
43 86 20
16 20 69
100 47 93
81 30 41
100 84 72
6 53 79
35 35 60
59 83 100
100 26 16
31 20 6
15 70 53
75 2 67
57 75 37
90 67 82
65 77 89
31 32 20
11 78 3
34 74 94
49 32 95
33 56 65
50 91 58
84 30 23
6 54 76
85 71 33
87 37 39
33 55 85
5 47 66
95 85 18
43 24 79
30 41 28
34 44 71
5 98 52
56 1 93
100 91 18
83 62 4
95 24 55
97 18 34
100 1 1
51 82 15
7 68 97
54 83 44
72 53 57
75 12 4
62 17 11
16 81 80
81 38 43
81 79 13
54 7 5
23 65 87
33 17 14
90 14 81
73 81 29
48 62 3
12 85 59
79 70 92
36 67 58
100 66 7
91 47 20
63 93 100
52 91 16
80 80 99
78 71 68
76 87 22
8 44 91
18 82 44
100 66 13
65 88 97
18 57 73
12 33 57
19 71 93
18 18 95
86 22 44
47 27 8
41 97 68
87 5 14
9 72 95
64 96 55
38 4 40
40 29 19
71 75 75
31 46 91
61 11 30
67 88 33
31 80 31
61 88 67
41 31 52
2 9 3
50 65 61
77 46 98
10 33 21
14 36 81
35 68 35
82 56 91
12 72 83
100 98 41
19 77 72
4 25 17
15 81 30
45 38 11
47 71 80
20 46 63
72 73 82
55 82 21
91 2 12
76 27 10
35 9 73
94 62 11
28 95 81
53 70 66
75 76 37
82 65 54
51 16 83
25 69 7
51 66 33
42 93 63
26 4 85
39 68 89
65 39 45
74 32 14
32 47 87
84 93 54
32 77 66
69 62 92
82 98 10
84 5 4
47 92 81
93 61 47
13 66 1
91 2 82
42 33 8
4 47 1
75 37 68
69 74 98
99 41 62
24 57 38
12 3 26
34 99 40
11 32 65
45 62 57
50 82 26
42 63 85
40 87 59
17 24 45
46 74 16
1 52 5
10 34 81
61 63 52
90 58 66
70 70 72
1 23 57
82 45 77
23 70 19
48 52 2
16 81 32
39 62 18
35 55 45
13 46 10
90 69 60
32 27 27
40 32 40
38 8 35
4 78 15
42 7 15
73 100 14
13 64 55
4 62 87
73 9 85
75 79 54
16 58 42
47 8 15
60 38 13
95 59 36
56 6 32
20 2 14
44 52 32
1 55 20
98 42 24
47 27 41
79 13 6
2 67 55
8 3 76
0 33 60
56 35 42
95 44 79
64 85 30
53 28 74
77 67 94
20 18 1
36 60 91
34 72 48
45 39 5
85 85 71
52 10 20
68 94 26
46 65 73
13 21 19
25 68 86
34 27 91
17 46 54
53 66 72
8 92 17
38 86 11
72 69 8
16 88 96
30 60 84
83 89 31
4 84 60
95 95 17
100 39 9
3 66 73
66 92 12
15 12 1
13 42 34
52 79 95
68 31 60
27 61 19
81 14 29
30 83 16
35 29 87
88 17 100
95 21 59
86 23 47
91 41 56
67 73 45
87 47 83
86 41 9
100 18 7
55 2 71
49 11 58
7 34 65
0 30 70
7 84 93
60 2 68
58 99 46
46 60 87
15 87 67
35 16 42
98 31 67
99 58 92
99 99 99
76 86 17
76 82 99
45 94 28
55 37 9
37 21 1
86 25 64
85 7 21
79 12 10
54 69 77
46 100 56
16 86 48
68 13 87
88 40 84
41 9 44
71 59 9
85 85 34
76 58 19
13 94 70
62 67 78
82 19 81
31 11 66
62 59 95
15 81 62
66 98 21
59 75 32
80 65 25
31 43 35
51 9 46
71 75 25
70 57 74
55 32 37
21 63 84
30 25 5
89 41 20
22 42 25
45 83 96
34 72 75
54 86 32
25 55 35
7 52 33
60 86 100
6 27 73
73 7 6
32 15 55
74 3 72
13 63 44
46 38 10
89 84 47
31 37 19
28 2 36
50 36 93
100 28 10
5 66 37
23 89 93
76 9 32
70 87 37
27 65 77
87 37 36
61 71 58
41 88 72
39 62 100
4 99 34
99 70 27
17 26 74
25 23 43
80 32 67
86 33 83
48 48 69
24 84 57
70 25 2
10 32 14
7 79 5
48 16 37
68 23 60
6 90 7
68 76 65
54 84 77
23 17 75
70 16 5
55 98 32
11 97 8
56 92 59
63 75 34
4 64 60
45 4 63
47 12 95
97 40 45
79 6 30
90 72 20
13 47 81
46 18 82
43 82 18
93 81 97
96 2 72
91 63 85
91 9 77
48 59 23
59 75 48
36 42 44
100 31 11
87 63 16
67 60 99
79 48 79
82 87 30
58 12 24
72 15 93
60 98 27
84 32 46
88 76 98
14 30 25
25 47 39
46 13 17
2 86 38
59 22 76
11 83 30
19 90 69
18 56 55
91 77 4
71 83 38
17 78 67
91 59 33
78 3 72
81 16 88
21 66 14
94 29 22
98 87 25
6 10 20
4 8 40
79 91 11
79 94 60
97 69 86
26 92 27
11 99 88
78 28 94
13 35 36
55 71 19
44 65 58
52 27 3
4 17 11
54 36 40
36 87 6
0 20 21
54 98 4
37 92 57
4 80 61
30 44 90
21 60 67
96 28 17
90 16 86
15 73 20
65 70 12
33 20 79
57 87 8
39 85 37
80 5 56
65 77 76
85 68 41
71 52 15
78 84 95
67 54 42
77 88 1
35 81 8
32 60 75
87 63 13
80 15 95
73 94 6
86 75 33
33 69 55
29 36 86
5 21 40
66 22 24
100 97 2
60 24 94
59 72 79
74 9 58
39 72 57
42 67 86
67 83 21
18 66 28
100 91 95
8 2 87
43 48 99
0 10 42
32 67 10
52 20 71
29 11 42
0 89 69
8 67 44
17 32 44
57 14 13
87 15 84
28 43 83
69 96 28
28 16 5
37 3 58
45 39 23
98 4 46
91 10 23
95 85 81
54 13 86
21 6 39
56 80 4
61 56 2
82 47 46
65 91 93
99 3 95
19 25 7
82 24 95
75 96 31
67 77 35
23 1 19
90 69 64
45 70 62
54 84 33
52 69 42
80 70 89
93 54 6
91 54 60
23 24 41
67 89 59
84 58 56
78 28 15
63 73 6
0 65 91
80 74 70
55 48 15
75 30 25
79 31 94
38 2 57
12 83 57
99 61 22
39 43 22
