1000
71 81 41
67 45 84
78 53 78
21 6 39
2 32 95
77 89 85
1 28 70
95 29 87
21 80 63
54 8 62
60 98 27
2 100 54
36 64 15
65 88 97
100 1 1
77 76 20
17 6 40
19 15 33
13 15 91
0 65 91
48 16 37
78 100 69
57 64 92
100 61 33
89 99 82
36 4 21
22 54 16
48 62 3
87 15 84
40 32 40
16 53 10
60 57 42
84 74 99
13 82 4
47 52 75
13 17 1
77 23 24
57 66 7
64 76 28
8 78 93
89 8 11
13 55 55
51 72 5
48 52 2
38 31 43
11 5 82
30 94 18
5 47 66
81 8 37
34 78 21
34 72 75
12 55 55
16 48 34
19 90 69
27 69 53
93 28 75
66 96 69
38 10 22
53 28 74
37 2 41
55 68 37
85 85 71
12 8 16
88 93 40
76 47 70
18 66 28
99 60 89
24 24 77
52 71 59
61 88 67
79 7 62
5 77 17
22 45 39
80 33 25
31 9 89
27 97 67
37 29 63
78 23 25
100 37 76
12 3 26
98 29 77
16 11 38
0 32 79
6 74 68
89 48 39
78 12 41
15 81 30
50 58 100
0 10 42
35 87 31
44 19 7
46 59 25
54 28 35
90 70 34
43 97 35
15 73 20
58 12 24
44 26 6
71 87 7
16 46 80
23 21 97
25 54 15
19 23 85
100 26 16
7 13 7
92 40 17
74 83 52
5 97 10
53 52 65
86 89 75
86 15 32
8 100 13
57 53 73
98 100 65
100 60 84
21 61 42
24 84 57
61 12 61
53 92 12
83 62 4
6 12 13
93 91 57
64 81 11
10 22 75
45 39 5
43 81 99
23 68 11
50 66 61
22 84 76
63 47 47
76 77 73
5 85 97
50 82 26
14 81 78
99 95 91
7 55 85
22 88 73
77 28 9
50 69 97
23 100 5
91 63 85
41 58 27
36 69 53
7 84 22
53 77 48
98 57 37
82 93 96
87 37 94
75 33 74
74 92 31
53 76 77
4 87 25
7 21 17
77 61 9
23 76 96
77 75 10
17 43 82
29 2 60
81 45 30
51 16 83
69 62 92
2 48 25
2 98 62
46 25 23
93 61 47
28 13 37
100 18 7
69 44 38
38 91 22
66 22 24
41 97 68
77 65 16
43 30 26
36 98 27
59 8 29
0 20 21
74 35 91
20 71 63
69 25 52
14 46 40
42 67 14
17 26 74
3 98 22
8 58 1
27 81 7
13 62 100
20 46 39
47 1 94
41 54 55
85 73 67
32 81 7
0 71 40
46 13 25
64 15 25
25 69 7
57 28 81
54 7 5
91 63 31
15 81 62
32 15 55
75 36 52
72 82 11
8 31 78
66 20 11
62 67 78
83 12 56
97 14 17
57 27 68
48 39 20
70 44 46
28 37 95
23 7 3
15 12 1
17 69 21
50 78 61
17 63 22
68 94 26
45 83 96
38 68 94
6 27 73
88 7 40
77 88 1
39 5 38
60 52 78
58 63 62
22 15 99
18 28 91
7 52 33
17 31 57
22 14 70
9 77 77
85 12 5
44 62 13
31 10 68
70 35 40
69 96 28
31 43 35
87 20 40
78 31 43
91 9 77
65 42 19
49 79 11
63 74 95
17 78 67
28 53 36
37 92 57
81 38 96
75 52 73
95 24 55
7 13 96
16 96 54
93 92 92
81 3 94
29 94 95
7 29 86
99 99 99
44 52 32
7 84 93
10 34 81
95 82 27
14 98 61
7 38 80
6 53 79
21 89 97
70 88 73
47 71 80
48 55 54
84 5 4
34 5 87
79 8 72
83 45 78
89 80 24
37 26 33
66 43 12
8 59 6
77 46 98
39 81 80
79 6 30
30 64 56
18 75 3
59 30 95
11 99 88
84 90 42
34 26 6
34 29 29
4 84 60
16 58 27
74 9 58
86 75 33
84 48 1
42 93 80
7 34 65
100 89 96
63 42 23
92 80 87
61 53 3
100 64 45
56 87 92
13 15 75
76 5 76
25 65 34
1 42 57
83 21 71
33 24 78
70 93 6
39 68 89
6 45 79
50 20 90
83 25 47
98 55 70
27 61 19
78 13 34
96 97 9
35 73 75
38 42 11
88 76 98
97 96 54
49 35 2
79 88 11
7 68 97
52 44 12
100 47 93
79 40 83
3 38 18
64 38 29
75 97 39
97 40 88
66 89 30
13 94 70
22 4 96
73 60 73
25 76 48
72 36 27
95 52 21
47 85 3
0 68 90
34 16 89
87 40 57
82 77 39
99 58 92
93 68 55
100 31 11
16 81 80
55 4 97
3 83 27
57 26 71
0 20 25
73 29 39
59 78 24
55 82 21
6 56 93
74 13 7
20 56 46
11 30 40
73 6 68
12 7 78
66 16 67
50 95 41
44 88 41
4 38 5
39 39 55
39 94 64
44 65 58
23 89 93
53 22 1
97 82 93
43 19 26
6 33 77
76 23 47
53 48 15
46 4 73
73 81 29
23 24 41
6 10 20
1 7 59
100 91 42
10 87 38
48 100 27
20 39 43
28 43 83
77 21 90
54 86 32
4 8 40
26 26 94
66 15 25
99 3 95
82 56 91
61 85 22
17 17 24
18 57 73
10 36 76
52 60 75
2 57 53
84 75 56
68 13 87
70 57 74
62 86 17
84 18 41
74 76 22
56 92 59
100 23 20
2 47 93
21 66 14
21 99 3
25 18 17
47 32 85
54 69 77
30 15 68
52 71 98
77 91 2
52 72 19
6 68 91
93 73 82
25 17 18
9 67 98
6 97 77
25 12 74
62 44 84
67 7 97
51 34 61
80 94 17
51 82 15
39 85 37
53 90 67
20 24 95
43 99 74
19 54 59
72 21 28
13 68 39
98 28 93
79 26 26
1 90 31
54 53 91
45 3 87
71 8 8
1 97 39
62 87 92
80 5 56
87 37 36
91 83 54
79 69 11
58 16 65
69 11 77
39 72 57
32 14 83
11 92 53
4 80 61
55 12 25
63 38 11
79 37 2
29 71 99
90 63 36
68 47 78
25 68 86
54 93 10
52 10 20
52 27 39
36 67 58
47 66 68
0 42 24
78 28 94
23 58 58
85 9 98
17 75 28
7 56 41
17 37 79
9 78 90
47 53 21
49 32 95
79 100 64
40 58 61
85 85 34
98 87 25
58 27 76
30 60 84
59 30 79
3 89 85
55 65 61
65 48 46
95 88 7
69 74 98
81 30 41
9 72 95
50 91 58
61 9 64
65 46 89
1 45 6
84 79 77
84 1 80
84 63 23
19 71 93
75 69 6
55 32 37
2 67 55
1 74 53
27 86 68
7 62 58
4 62 87
45 38 11
91 25 16
85 2 99
8 61 3
69 18 21
26 54 1
77 31 9
69 3 81
91 47 20
13 69 20
82 2 69
25 43 2
47 66 45
62 18 5
1 55 20
51 61 55
87 63 13
57 10 21
36 87 6
45 58 69
31 80 31
13 98 74
14 60 30
68 82 88
68 63 40
99 8 47
10 19 4
68 88 5
87 37 39
95 33 26
52 37 89
16 35 59
77 83 58
19 8 1
17 52 13
21 17 22
61 11 61
31 11 66
34 29 37
51 52 94
72 69 8
37 21 1
85 74 65
96 46 9
5 95 26
12 72 15
13 9 61
15 72 4
23 17 75
60 83 20
8 34 45
94 24 53
14 36 81
36 61 83
75 63 74
38 13 28
100 91 18
33 18 17
49 18 95
51 66 33
44 35 57
19 25 7
4 64 60
80 22 42
92 33 47
73 4 82
70 59 36
90 69 64
82 97 70
67 1 56
59 75 48
31 37 19
97 10 17
15 19 12
89 37 94
40 79 88
8 47 90
77 97 48
33 55 85
73 100 14
8 67 44
100 68 14
0 55 55
29 25 59
90 93 62
93 94 28
46 54 18
9 3 8
56 61 7
93 37 34
29 11 42
76 70 22
49 73 97
2 77 57
33 36 11
35 22 38
91 22 82
24 89 95
25 85 66
67 77 35
34 14 7
23 3 100
84 79 48
2 94 46
85 67 94
65 69 32
12 85 59
38 92 85
58 91 89
4 47 5
10 72 100
38 18 74
37 59 59
68 76 65
15 90 92
53 48 96
45 54 78
57 75 37
23 7 57
10 37 85
99 91 5
6 23 99
5 66 37
72 73 82
4 1 83
37 56 98
30 17 52
61 30 32
65 81 74
11 99 92
91 77 63
88 55 34
13 62 69
70 29 55
60 81 24
49 2 81
19 77 96
52 79 95
19 7 99
49 97 30
23 34 79
31 90 6
81 38 43
4 99 54
3 8 88
14 58 26
82 87 30
36 54 38
72 40 83
2 36 39
75 68 11
86 82 81
48 64 69
81 58 33
44 5 97
60 100 78
75 97 59
100 89 79
45 62 57
16 86 46
87 81 48
33 61 4
67 19 16
7 79 5
16 79 40
80 25 64
100 74 54
4 42 74
8 61 41
14 19 22
100 70 91
8 90 85
55 94 47
5 5 86
81 14 29
12 33 57
52 69 42
37 43 86
56 43 8
31 20 6
50 45 96
33 20 79
75 55 81
91 96 80
9 76 39
46 65 73
26 2 42
15 40 98
87 28 17
25 2 9
31 32 20
79 87 63
26 63 84
51 7 31
55 99 81
22 42 25
56 80 4
66 25 14
13 66 1
16 10 4
27 23 72
44 95 98
82 98 10
75 53 41
20 46 23
32 74 85
50 27 13
54 98 4
67 89 59
80 74 70
43 47 33
5 36 8
25 23 43
70 91 100
16 97 9
45 12 15
61 87 41
59 31 96
20 2 14
28 46 55
19 67 40
79 91 11
83 77 15
79 12 10
48 100 7
88 27 3
100 6 31
22 64 65
42 73 40
97 10 91
33 44 96
88 45 37
24 100 35
34 54 33
55 82 52
49 78 52
37 62 67
100 97 2
89 11 13
94 13 95
29 75 87
95 61 13
95 92 84
39 12 84
1 52 5
98 41 60
0 34 29
59 60 85
90 16 86
28 75 45
31 8 81
87 63 16
0 54 4
17 24 45
51 61 95
67 3 26
14 33 90
30 44 90
82 47 46
6 54 76
36 98 30
55 80 45
79 70 92
13 35 36
48 21 33
58 86 97
16 81 32
17 2 33
83 98 82
4 95 82
10 38 38
10 33 33
76 45 72
32 43 54
57 52 31
42 63 85
75 9 23
51 9 46
84 71 12
100 55 38
91 2 82
73 32 97
21 53 4
13 42 34
21 57 20
92 10 71
2 86 38
75 30 25
59 46 2
51 65 58
36 17 39
36 32 85
19 80 12
41 9 44
24 26 19
40 9 35
27 56 28
30 41 28
82 42 37
96 100 18
19 32 19
58 20 9
17 46 54
48 69 67
52 29 5
46 69 58
13 45 52
35 55 63
52 27 3
19 78 93
75 40 70
23 65 87
97 40 45
18 22 25
55 36 81
75 56 53
18 13 17
81 88 84
41 20 71
74 73 98
56 44 57
85 84 21
10 55 27
70 87 37
10 86 69
1 81 66
97 81 53
91 74 34
59 19 85
57 85 91
33 34 86
35 45 55
89 21 73
22 28 37
68 6 13
25 63 58
42 62 90
12 65 66
94 29 22
95 22 15
32 96 39
32 68 96
83 15 78
76 41 73
16 43 68
82 28 71
1 87 21
52 79 8
60 87 90
93 26 48
50 36 93
61 34 14
7 83 47
33 58 9
82 20 52
98 42 24
68 23 60
88 17 100
35 9 73
43 58 83
66 96 69
66 30 100
84 38 75
10 33 56
31 83 25
34 72 48
3 19 75
54 12 86
5 4 81
35 68 35
82 19 81
96 44 13
67 60 11
40 5 31
34 10 100
0 92 67
76 82 99
97 44 64
49 43 41
42 4 54
5 92 68
95 85 81
96 95 29
60 34 72
71 83 38
85 71 33
19 41 36
23 1 19
48 77 79
4 25 17
96 31 25
5 77 3
43 82 22
7 54 41
51 46 69
49 34 10
28 9 52
55 55 17
73 44 1
41 85 26
27 6 1
57 98 14
60 24 94
100 31 47
74 29 63
28 1 34
99 61 22
16 20 13
84 69 3
94 41 86
85 13 84
16 58 42
74 27 60
53 89 74
72 9 77
86 92 88
11 97 8
98 31 67
84 95 42
54 84 77
52 58 41
97 83 99
38 20 36
70 70 72
80 60 28
61 63 52
19 87 86
64 25 83
42 12 84
59 82 94
60 29 94
70 72 24
97 87 65
96 80 66
58 18 38
68 45 5
21 84 62
29 81 85
71 75 75
72 98 89
27 39 58
53 100 79
85 96 27
6 90 7
29 90 66
6 37 12
59 89 41
3 22 39
7 55 65
12 72 83
33 70 76
65 77 76
59 83 100
74 35 78
24 64 84
16 88 96
71 75 25
88 17 98
56 82 23
43 9 84
72 45 65
26 4 85
42 67 86
67 54 42
47 8 15
93 8 68
31 11 98
34 9 32
67 88 33
61 95 87
50 22 39
32 77 66
63 90 6
74 32 14
35 8 16
66 92 12
37 33 18
49 47 74
81 40 43
6 74 32
0 33 60
59 43 87
38 13 25
22 21 46
69 26 21
77 89 75
78 22 46
12 71 89
5 19 45
84 79 64
98 85 64
57 76 73
91 86 32
4 17 11
67 12 75
38 2 57
33 69 55
30 61 23
78 56 13
100 91 95
57 58 89
42 91 58
